n_proc;sum;n_points;pi;time
1 ; 785256 ; 1000000 ; 3.141024 ; 0.740671157837
2 ; 785094 ; 1000000 ; 3.140376 ; 0.360770225525
3 ; 785666 ; 1000000 ; 3.142664 ; 0.242611408234
4 ; 785834 ; 1000000 ; 3.143336 ; 0.19061589241
5 ; 785482 ; 1000000 ; 3.141928 ; 0.148264884949
6 ; 785360 ; 1000000 ; 3.14144 ; 0.122003078461
7 ; 785323 ; 1000000 ; 3.141292 ; 0.107523679733
8 ; 785476 ; 1000000 ; 3.141904 ; 0.167450904846
9 ; 785291 ; 1000000 ; 3.141164 ; 0.173773050308
10; 785514 ; 1000000 ; 3.142056 ; 0.150487661362
11; 785180 ; 1000000 ; 3.14072 ; 0.135384082794
12; 785771 ; 1000000 ; 3.143084 ; 0.130221366882
1 ; 3928860 ; 5000000 ; 3.143088 ; 3.59954977036
2 ; 3925915 ; 5000000 ; 3.140732 ; 1.84596586227
3 ; 3927824 ; 5000000 ; 3.1422592 ; 1.27562570572
4 ; 3926815 ; 5000000 ; 3.141452 ; 0.924365758896
5 ; 3926867 ; 5000000 ; 3.1414936 ; 0.780654907227
6 ; 3927415 ; 5000000 ; 3.141932 ; 0.624270439148
7 ; 3927936 ; 5000000 ; 3.1423488 ; 0.548220396042
8 ; 3926621 ; 5000000 ; 3.1412968 ; 0.486360311508
9;3928301 ; 5000000 ; 3.1426408 ; 0.490775346756
10 ; 3927343 ; 5000000 ; 3.1418744 ; 0.385511875153
11 ;3927553 ; 5000000 ; 3.1420424 ; 0.35521364212
12 ;3926335 ; 5000000 ; 3.141068 ; 0.331927061081
1 ;7852430 ; 10000000 ; 3.140972 ; 7.305570364
2; 7856070 ; 10000000 ; 3.142428 ; 3.90074777603
3;7853407 ; 10000000 ; 3.1413628 ; 2.57861042023
4;7851099 ; 10000000 ; 3.1404396 ; 1.83562088013
5;7854201 ; 10000000 ; 3.1416804 ; 1.54917168617
6;7853341 ; 10000000 ; 3.1413364 ; 1.24603700638
7;7854381 ; 10000000 ; 3.1417524 ; 1.07965278625
8;7854157 ; 10000000 ; 3.1416628 ; 1.78610897064
9;7855111 ; 10000000 ; 3.1420444 ; 1.74250817299
10 ;7851839 ; 10000000 ; 3.1407356 ; 1.43167233467
11 ;7852965 ; 10000000 ; 3.141186 ; 1.35402584076
12 ;7855376 ; 10000000 ; 3.1421504 ; 1.46353769302
1 ;15706359 ; 20000000 ; 3.1412718 ; 14.503683567
2 ;15710341 ; 20000000 ; 3.1420682 ; 7.68693399429
3 ;15710401 ; 20000000 ; 3.1420802 ; 5.34548592567
4 ;15705673 ; 20000000 ; 3.1411346 ; 3.76072359085
5 ;15707058 ; 20000000 ; 3.1414116 ; 3.12299060822
6; 15707880 ; 20000000 ; 3.141576 ; 2.62145256996
7;15709619 ; 20000000 ; 3.1419238 ; 2.21846222878
8;15705863 ; 20000000 ; 3.1411726 ; 3.81643795967
9;15706250 ; 20000000 ; 3.14125 ; 2.11079621315
10;15708055 ; 20000000 ; 3.141611 ; 3.06313204765
n 11
15707966 ; 20000000 ; 3.1415932 ; 2.63336658478
n 12
15710992 ; 20000000 ; 3.1421984 ; 1.28764891624
n 1
n 2
31414014 ; 40000000 ; 3.1414014 ; 14.5389409065
n 3
31418178 ; 40000000 ; 3.1418178 ; 9.74807715416
n 4
31415995 ; 40000000 ; 3.1415995 ; 7.62017130852
n 5
31418124 ; 40000000 ; 3.1418124 ; 6.01305055618
n 6
31417130 ; 40000000 ; 3.141713 ; 4.91031289101
n 7
31416031 ; 40000000 ; 3.1416031 ; 4.29728913307
n 8
31419454 ; 40000000 ; 3.1419454 ; 3.97546362877
n 9
31420267 ; 40000000 ; 3.1420267 ; 3.38329911232
n 10
31417162 ; 40000000 ; 3.1417162 ; 3.11895513535
n 11
31414468 ; 40000000 ; 3.1414468 ; 2.84018421173
n 12
31413087 ; 40000000 ; 3.1413087 ; 3.92469573021
n 1
62833505 ; 80000000 ; 3.14167525 ; 58.0868964195
n 2
62829484 ; 80000000 ; 3.1414742 ; 29.3305792809
n 3
62832520 ; 80000000 ; 3.141626 ; 20.5471339226
n 4
62829572 ; 80000000 ; 3.1414786 ; 15.4558706284
n 5
62834372 ; 80000000 ; 3.1417186 ; 12.3957982063
n 6
62835891 ; 80000000 ; 3.14179455 ; 9.89385890961
n 7
62831695 ; 80000000 ; 3.14158475 ; 8.65101647377
n 8
62831267 ; 80000000 ; 3.14156335 ; 7.69547772408
n 9
62831534 ; 80000000 ; 3.1415767 ; 7.15837097168
n 10
62835418 ; 80000000 ; 3.1417709 ; 11.519094944
n 11
62830630 ; 80000000 ; 3.1415315 ; 7.47955274582
n 12
62829172 ; 80000000 ; 3.1414586 ; 9.75903630257
n 1
125669623 ; 160000000 ; 3.141740575 ; 116.795907974
n 2
125655118 ; 160000000 ; 3.14137795 ; 58.6439607143
n 3
125664058 ; 160000000 ; 3.14160145 ; 41.0630292892
n 4
125664203 ; 160000000 ; 3.141605075 ; 31.0970525742
n 5
125678411 ; 160000000 ; 3.141960275 ; 35.9333782196
n 6
125671830 ; 160000000 ; 3.14179575 ; 30.8030288219
n 7
125661526 ; 160000000 ; 3.14153815 ; 33.2190585136
n 8
125663233 ; 160000000 ; 3.141580825 ; 21.5571157932
n 9
125663312 ; 160000000 ; 3.1415828 ; 24.2049124241
n 10
125669871 ; 160000000 ; 3.141746775 ; 23.479875803
n 11
125653432 ; 160000000 ; 3.1413358 ; 15.1742062569
n 12
125668355 ; 160000000 ; 3.141708875 ; 13.5811219215
n 1
n 1
502635520 ; 640000000 ; 3.141472 ; 469.123203278
n 2
502646470 ; 640000000 ; 3.1415404375 ; 246.143423319
n 3
502655627 ; 640000000 ; 3.14159766875 ; 168.800150633
n 4
502645858 ; 640000000 ; 3.1415366125 ; 118.103598595
n 5
502657447 ; 640000000 ; 3.14160904375 ; 144.733377218
n 6
502665652 ; 640000000 ; 3.141660325 ; 127.445995808
n 7
502646915 ; 640000000 ; 3.14154321875 ; 79.0234460831
n 8
502671711 ; 640000000 ; 3.14169819375 ; 62.5687737465
n 9
502646047 ; 640000000 ; 3.14153779375 ; 68.0612797737
n 10
502661654 ; 640000000 ; 3.1416353375 ; 74.7722909451
n 11
502654828 ; 640000000 ; 3.141592675 ; 75.0058250427
n 12
502641421 ; 640000000 ; 3.14150888125 ; 70.4408903122
n 1
502635520 ; 640000000 ; 3.141472 ; 469.123203278
n 2
502646470 ; 640000000 ; 3.1415404375 ; 246.143423319
n 3
502655627 ; 640000000 ; 3.14159766875 ; 168.800150633
n 4
502645858 ; 640000000 ; 3.1415366125 ; 118.103598595
n 5
502657447 ; 640000000 ; 3.14160904375 ; 144.733377218
n 6
502665652 ; 640000000 ; 3.141660325 ; 127.445995808
n 7
502646915 ; 640000000 ; 3.14154321875 ; 79.0234460831
n 8
502671711 ; 640000000 ; 3.14169819375 ; 62.5687737465
n 9
502646047 ; 640000000 ; 3.14153779375 ; 68.0612797737
n 10
502661654 ; 640000000 ; 3.1416353375 ; 74.7722909451
n 11
502654828 ; 640000000 ; 3.141592675 ; 75.0058250427
n 12
502641421 ; 640000000 ; 3.14150888125 ; 70.4408903122
n 1
1005307235 ; 1280000000 ; 3.14158510937 ; 933.678603172
n 2
1005324411 ; 1280000000 ; 3.14163878437 ; 464.003427505
n 3
1005302140 ; 1280000000 ; 3.1415691875 ; 314.156624556
n 4
1005298507 ; 1280000000 ; 3.14155783437 ; 239.252128363
n 5
1005308665 ; 1280000000 ; 3.14158957813 ; 288.234285355
n 6
1005335378 ; 1280000000 ; 3.14167305625 ; 166.545784712
n 7
1005330788 ; 1280000000 ; 3.1416587125 ; 141.09220171
n 8
1005329104 ; 1280000000 ; 3.14165345 ; 119.323280096
n 9
1005310519 ; 1280000000 ; 3.14159537187 ; 164.147547245
n 10
1005306539 ; 1280000000 ; 3.14158293438 ; 144.441759109
n 11
1005288732 ; 1280000000 ; 3.1415272875 ; 136.373329401
n 12
1005314566 ; 1280000000 ; 3.14160801875 ; 137.434068441
n 1
1005359459 ; 1280000000 ; 3.14174830938 ; 938.126153946
n 2
1005314459 ; 1280000000 ; 3.14160768437 ; 472.826263428
n 3
1005312562 ; 1280000000 ; 3.14160175625 ; 315.56781888
n 4
1005320892 ; 1280000000 ; 3.1416277875 ; 248.326254845
n 5
1005291398 ; 1280000000 ; 3.14153561875 ; 300.275533676
n 6
1005306192 ; 1280000000 ; 3.14158185 ; 285.125656843
n 7
1005298163 ; 1280000000 ; 3.14155675937 ; 229.084175348
n 8


1 ; 785256 ; 1000000 ; 3.141024 ; 0.740671157837
2 ; 785094 ; 1000000 ; 3.140376 ; 0.360770225525
3 ; 785666 ; 1000000 ; 3.142664 ; 0.242611408234
4 ; 785834 ; 1000000 ; 3.143336 ; 0.19061589241
5 ; 785482 ; 1000000 ; 3.141928 ; 0.148264884949
6 ; 785360 ; 1000000 ; 3.14144 ; 0.122003078461
7 ; 785323 ; 1000000 ; 3.141292 ; 0.107523679733
8 ; 785476 ; 1000000 ; 3.141904 ; 0.167450904846
9 ; 785291 ; 1000000 ; 3.141164 ; 0.173773050308
10; 785514 ; 1000000 ; 3.142056 ; 0.150487661362
11; 785180 ; 1000000 ; 3.14072 ; 0.135384082794
12; 785771 ; 1000000 ; 3.143084 ; 0.130221366882
1; 502635520 ; 640000000 ; 3.141472 ; 469.123203278
2; 502646470 ; 640000000 ; 3.1415404375 ; 246.143423319
3; 502655627 ; 640000000 ; 3.14159766875 ; 168.800150633
4; 502645858 ; 640000000 ; 3.1415366125 ; 118.103598595
5; 502657447 ; 640000000 ; 3.14160904375 ; 144.733377218
6; 502665652 ; 640000000 ; 3.141660325 ; 127.445995808
7; 502646915 ; 640000000 ; 3.14154321875 ; 79.0234460831
8; 502671711 ; 640000000 ; 3.14169819375 ; 62.5687737465
9; 502646047 ; 640000000 ; 3.14153779375 ; 68.0612797737
10; 502661654 ; 640000000 ; 3.1416353375 ; 74.7722909451
11; 502654828 ; 640000000 ; 3.141592675 ; 75.0058250427
12; 502641421 ; 640000000 ; 3.14150888125 ; 70.4408903122
1; 1005359459 ; 1280000000 ; 3.14174830938 ; 938.126153946
2; 1005314459 ; 1280000000 ; 3.14160768437 ; 472.826263428
3; 1005312562 ; 1280000000 ; 3.14160175625 ; 315.56781888
4; 1005320892 ; 1280000000 ; 3.1416277875 ; 248.326254845
5; 1005291398 ; 1280000000 ; 3.14153561875 ; 300.275533676
6; 1005306192 ; 1280000000 ; 3.14158185 ; 285.125656843
7; 1005298163 ; 1280000000 ; 3.14155675937 ; 229.084175348
